ƒGƒAƒRƒ“‚n‚m—â–[
328,160,44,38,43,38,43,118,43,38,43,118,44,37,44,37,44,37,43,118,43,119,43,37,43,37,43,38,43,118,44,119,42,38,43,38,43,38,43,37,44,38,43,38,43,38,43,38,43,37,44,38,43,38,43,38,43,38,43,118,43,38,43,38,43,37,43,38,43,38,43,38,43,38,43,118,43,38,43,37,44,37,44,38,43,118,44,118,43,118,43,119,43,118,43,118,44,118,43,118,43,119,43,38,43,118,43,37,44,37,43,38,43,38,43,118,43,38,43,38,43,38,43,37,43,38,43,118,44,37,43,118,44,38,43,118,43,118,44,118,43,38,43,38,43,118,43,118,44,38,43,38,43,37,43,38,43,38,43,38,43,38,42,119,43,38,43,38,43,37,43,38,43,38,43,38,43,38,43,38,42,38,43,38,43,38,43,38,43,38,43,38,42,38,43,38,43,38,43,38,43,38,43,37,44,37,43,38,43,38,43,38,43,37,44,37,44,37,43,38,43,37,43,37,44,37,43,38,43,38,43,38,43,37,44,37,44,37,43,38,43,37,44,37,44,118,43,38,43,118,44,118,43,38,43,37,44,37,43,118,44,118,43,38,43,38,43,38,43,38,43,37,43,38,43,118,44,118,43,38,43,38,43,38,42,38,43,38,43,38,43,
329,160,43,38,43,38,43,119,43,38,43,118,43,37,44,37,43,38,43,118,43,119,43,38,43,37,44,37,44,119,43,119,43,37,43,38,43,38,43,38,43,37,44,37,44,37,43,38,43,38,43,37,44,37,44,37,43,38,43,118,44,37,44,37,44,38,43,38,43,38,43,38,43,37,44,118,43,38,43,37,44,37,44,37,43,118,44,118,43,118,43,118,43,118,44,118,43,119,43,118,43,118,43,38,43,118,43,37,44,37,43,38,43,37,43,118,43,38,43,38,43,37,44,37,44,37,43,119,43,37,44,118,43,38,43,118,44,118,43,118,44,37,44,37,44,118,43,118,44,37,44,37,44,38,43,38,43,37,44,37,44,37,44,118,43,38,43,37,44,37,44,37,44,37,44,37,44,37,44,37,43,37,44,37,44,37,44,37,44,38,43,38,43,37,44,37,44,37,44,37,43,38,43,37,44,37,44,37,44,37,44,37,43,38,43,38,43,37,44,37,44,37,43,38,43,38,43,38,43,37,44,38,43,37,44,37,43,38,43,38,43,37,44,37,44,118,43,38,43,119,43,118,43,38,43,37,44,37,44,118,43,118,44,37,44,37,44,38,43,38,43,37,44,37,44,118,43,118,44,37,44,37,43,38,43,37,44,37,44,37,44,
329,161,43,38,43,38,43,118,43,38,43,118,44,38,43,38,43,38,43,118,44,118,43,38,43,38,43,38,43,118,43,118,43,38,43,38,43,38,43,38,43,38,43,38,43,38,43,38,43,38,43,38,43,37,44,37,43,38,43,118,44,38,43,37,44,38,43,38,43,38,43,38,43,38,43,119,42,38,43,38,43,38,43,38,43,118,43,119,44,118,43,118,44,118,44,118,43,119,43,119,43,118,44,38,43,119,43,38,43,38,43,38,43,37,43,118,43,38,43,38,43,37,44,37,43,38,44,118,43,38,43,118,43,38,43,118,44,118,43,118,44,38,43,38,43,118,43,118,43,38,43,38,42,38,43,38,43,38,43,38,43,38,43,118,43,38,43,38,43,38,43,38,43,37,43,38,43,38,43,38,43,38,43,38,45,35,44,37,44,38,43,38,43,38,43,38,43,38,43,38,43,38,43,38,43,38,43,38,43,38,43,38,43,37,43,38,43,38,43,38,43,38,43,38,43,38,43,38,42,38,43,38,42,38,43,38,43,38,43,38,43,37,44,37,44,118,43,38,43,118,44,118,43,38,43,38,43,38,43,118,43,118,43,38,43,38,42,38,43,37,43,38,43,38,43,119,43,119,43,38,43,38,43,38,43,37,46,34,43,38,44,
{500,329,160,43,38,43,38,43,119,43,38,43,118,43,37,44,37,43,38,43,118,43,119,43,38,43,37,44,37,44,119,43,119,43,37,43,38,43,38,43,38,43,37,44,37,44,37,43,38,43,38,43,37,44,37,44,37,43,38,43,118,44,37,44,37,44,38,43,38,43,38,43,38,43,37,44,118,43,38,43,37,44,37,44,37,43,118,44,118,43,118,43,118,43,118,44,118,43,119,43,118,43,118,43,38,43,118,43,37,44,37,43,38,43,37,43,118,43,38,43,38,43,37,44,37,44,37,43,119,43,37,44,118,43,38,43,118,44,118,43,118,44,37,44,37,44,118,43,118,44,37,44,37,44,38,43,38,43,37,44,37,44,37,44,118,43,38,43,37,44,37,44,37,44,37,44,37,44,37,44,37,43,37,44,37,44,37,44,37,44,38,43,38,43,37,44,37,44,37,44,37,43,38,43,37,44,37,44,37,44,37,44,37,43,38,43,38,43,37,44,37,44,37,43,38,43,38,43,38,43,37,44,38,43,37,44,37,43,38,43,38,43,37,44,37,44,118,43,38,43,119,43,118,43,38,43,37,44,37,44,118,43,118,44,37,44,37,44,38,43,38,43,37,44,37,44,118,43,118,44,37,44,37,43,38,43,37,44,37,44,37,44},
27C
182115,329,161,42,38,43,37,43,118,43,37,43,118,44,37,43,37,44,37,43,118,44,118,44,37,43,37,43,37,43,118,44,118,43,37,44,38,43,37,44,37,43,37,43,37,43,37,44,37,43,38,43,37,43,37,43,37,43,37,43,118,44,37,43,37,43,37,44,38,42,38,43,37,43,37,43,118,44,37,43,37,43,37,44,37,44,118,43,118,43,118,44,118,43,118,44,118,43,118,43,118,44,118,43,37,44,118,44,37,43,37,43,37,44,37,43,118,44,36,44,37,44,37,43,38,43,37,43,118,44,37,43,118,43,37,44,37,43,118,44,118,44,37,43,37,43,118,43,119,43,37,43,37,43,37,44,37,44,38,43,37,43,37,43,118,43,37,43,38,43,37,43,37,44,37,44,37,43,38,43,37,43,37,44,37,44,38,43,38,43,37,43,37,44,37,43,38,43,37,43,37,43,37,44,37,43,38,43,37,43,37,43,37,44,37,43,38,44,37,43,37,43,37,44,37,43,37,43,38,44,36,44,37,44,37,43,37,43,38,43,37,44,37,44,37,43,118,43,37,44,118,43,118,43,37,43,37,44,37,43,118,44,118,43,37,43,37,43,38,43,38,43,37,43,37,43,118,43,118,44,118,44,37,43,37,44,37,43,37,43,37,43,




ƒGƒAƒRƒ“‚n‚e‚e
7036266,326,164,43,37,44,37,43,119,43,38,43,118,43,38,43,38,43,38,43,118,43,118,43,38,43,37,43,37,44,118,43,118,44,38,43,37,44,37,43,38,43,38,43,38,43,38,43,37,43,38,43,37,43,37,44,37,43,38,43,118,43,37,44,37,43,38,43,38,43,38,43,38,43,38,43,118,44,37,44,37,44,37,43,38,43,119,43,37,44,37,43,38,43,38,43,38,43,38,43,118,43,37,43,118,44,118,44,118,44,118,43,118,43,119,43,
1243838,329,161,43,38,43,38,43,118,44,37,43,118,44,38,43,38,43,38,43,118,43,118,43,38,43,37,44,37,44,118,43,119,44,36,44,37,44,37,44,37,43,38,43,37,44,37,44,37,44,37,44,38,43,38,43,38,43,38,43,118,44,37,44,37,43,37,43,38,43,37,44,37,44,37,44,118,43,37,43,37,43,38,43,38,43,118,44,37,44,37,44,37,43,38,43,38,43,37,44,118,43,38,43,119,43,118,43,118,44,118,43,118,43,119,43,
1593901,329,161,43,37,43,38,43,118,44,38,43,118,43,38,43,38,43,38,43,118,43,118,43,38,43,37,44,37,44,118,43,118,44,38,43,37,44,37,43,37,43,38,43,37,43,38,43,37,43,38,43,37,43,37,44,37,44,37,43,118,43,38,43,38,43,38,43,38,43,38,43,37,43,38,43,118,44,38,43,38,43,38,42,38,43,119,43,38,43,38,43,38,43,38,43,37,44,37,44,118,43,38,43,118,43,118,43,118,44,118,44,118,43,119,43,
      100,329,161,
“d‹C‚n‚m/OFF

661911,198,102,552,97,153,47,154,47,54,47,54,48,53,48,48,53,49,52,54,48,153,47,53,48,53,48,53,48,53,48,48,52,49,53,153,46,51,50,153,47,53,48,53,48,53,48,48,52,49,53,53,48,54,48,53,48,53,48,54,48,54,48,49,52,48,53,53,48,54,48,154,46,54,47,154,46,153,47,48,53,154,47,148,52,46,
1238110,200,99,552,97,154,47,153,47,54,48,54,48,54,48,51,50,48,53,54,48,154,46,53,48,54,47,54,48,54,47,48,53,49,53,153,47,53,48,153,47,53,48,53,48,54,48,48,53,48,53,53,48,53,48,54,48,54,48,54,48,54,48,48,53,48,53,54,48,54,48,154,46,54,48,153,47,153,47,48,53,153,47,150,50,48,
2467396,198,102,552,97,154,46,154,47,54,48,54,48,54,48,49,52,48,53,53,48,154,46,54,47,54,47,54,48,54,48,48,53,48,53,154,46,54,47,153,47,54,48,54,48,54,48,49,52,49,53,54,47,54,47,54,47,54,47,54,48,54,48,48,53,49,53,53,48,54,48,154,46,54,47,154,47,153,46,49,53,154,47,153,47,46
1165080,198,102,552,97,154,46,154,47,54,48,54,48,54,48,49,52,50,52,54,48,154,46,54,48,54,48,53,48,53,48,48,53,49,52,153,47,54,48,154,46,54,47,54,47,54,47,49,53,48,53,53,48,54,48,54,48,54,48,54,48,54,48,49,52,48,53,54,47,54,47,153,48,53,48,153,47,153,47,48,53,153,47,150,50,46


